2-D initial guess optimization result
====================================
name = random
NX = 16
NY = 16
OBS_STRIDE = 4
LBFGS_MAX_ITERS = 6
RUN_GN_AFTER_LBFGS = false
GN_AFTER_LBFGS_ITERS = 1
J0 = 0.006487038926867431
J_lbfgs = 8.092146273222823e-5
J_final = 8.092146273222823e-5
w_RMSE_true = 0.03139713751979734
time_lbfgs = 1197.348583207
time_gn = 0.0
time_total = 1197.348583207
