0.01521645709543637	0.01594470813973177	0.017290340608440743	0.01904849415639108	0.0209515058436089	0.022709659391559223	0.02405529186026821	0.02478354290456361	0.02478354290456361	0.02405529186026821	0.022709659391559237	0.020951505843608914	0.01904849415639108	0.017290340608440757	0.01594470813973177	0.01521645709543637
0.006377622330604529	0.008451505843608903	0.012283542904563613	0.017290340608440743	0.022709659391559223	0.027716457095436353	0.03154849415639108	0.033622377669395465	0.033622377669395465	0.03154849415639108	0.027716457095436353	0.022709659391559237	0.017290340608440743	0.012283542904563613	0.008451505843608903	0.006377622330604529
-0.0003873289212229375	0.0027164570954363587	0.008451505843608903	0.01594470813973177	0.02405529186026821	0.03154849415639108	0.03728354290456362	0.04038732892122293	0.04038732892122293	0.03728354290456362	0.03154849415639108	0.024055291860268224	0.01594470813973177	0.008451505843608917	0.0027164570954363587	-0.0003873289212229375
-0.004048494156391094	-0.0003873289212229375	0.0063776223306045154	0.01521645709543637	0.02478354290456361	0.03362237766939544	0.04038732892122293	0.04404849415639109	0.04404849415639109	0.04038732892122293	0.033622377669395465	0.024783542904563624	0.01521645709543637	0.006377622330604529	-0.0003873289212229375	-0.004048494156391094
-0.004048494156391094	-0.0003873289212229375	0.0063776223306045154	0.01521645709543637	0.02478354290456361	0.03362237766939544	0.04038732892122293	0.04404849415639109	0.04404849415639109	0.04038732892122293	0.033622377669395465	0.024783542904563624	0.01521645709543637	0.006377622330604529	-0.0003873289212229375	-0.004048494156391094
-0.00038732892122295137	0.0027164570954363587	0.008451505843608903	0.01594470813973177	0.02405529186026821	0.03154849415639108	0.03728354290456362	0.04038732892122293	0.04038732892122293	0.03728354290456362	0.03154849415639108	0.024055291860268224	0.01594470813973177	0.008451505843608903	0.0027164570954363587	-0.0003873289212229375
0.006377622330604529	0.008451505843608903	0.012283542904563613	0.017290340608440743	0.022709659391559223	0.027716457095436353	0.03154849415639108	0.033622377669395465	0.033622377669395465	0.03154849415639108	0.027716457095436353	0.022709659391559237	0.017290340608440743	0.012283542904563613	0.008451505843608903	0.006377622330604529
0.015216457095436356	0.015944708139731756	0.017290340608440743	0.019048494156391066	0.0209515058436089	0.022709659391559237	0.024055291860268224	0.024783542904563624	0.024783542904563624	0.024055291860268224	0.022709659391559237	0.020951505843608914	0.019048494156391066	0.017290340608440743	0.015944708139731756	0.015216457095436356
0.02478354290456361	0.02405529186026821	0.022709659391559237	0.0209515058436089	0.01904849415639108	0.017290340608440743	0.01594470813973177	0.01521645709543637	0.01521645709543637	0.01594470813973177	0.017290340608440743	0.019048494156391066	0.0209515058436089	0.022709659391559237	0.02405529186026821	0.02478354290456361
0.03362237766939544	0.03154849415639108	0.027716457095436353	0.022709659391559237	0.017290340608440757	0.012283542904563613	0.008451505843608903	0.006377622330604529	0.006377622330604529	0.008451505843608903	0.012283542904563613	0.017290340608440743	0.022709659391559223	0.027716457095436353	0.03154849415639108	0.03362237766939544
0.04038732892122293	0.03728354290456362	0.03154849415639108	0.02405529186026821	0.01594470813973177	0.008451505843608903	0.0027164570954363587	-0.0003873289212229375	-0.0003873289212229375	0.0027164570954363587	0.008451505843608903	0.015944708139731756	0.02405529186026821	0.03154849415639108	0.03728354290456362	0.040387328921222904
0.04404849415639106	0.040387328921222904	0.033622377669395465	0.02478354290456361	0.01521645709543637	0.006377622330604529	-0.0003873289212229375	-0.004048494156391094	-0.004048494156391094	-0.0003873289212229375	0.006377622330604529	0.015216457095436356	0.02478354290456361	0.03362237766939544	0.040387328921222904	0.04404849415639106
0.04404849415639109	0.04038732892122293	0.033622377669395465	0.02478354290456361	0.01521645709543637	0.006377622330604529	-0.0003873289212229375	-0.004048494156391094	-0.004048494156391094	-0.00038732892122295137	0.006377622330604529	0.015216457095436356	0.02478354290456361	0.03362237766939544	0.04038732892122293	0.04404849415639106
0.04038732892122293	0.03728354290456362	0.03154849415639108	0.02405529186026821	0.01594470813973177	0.008451505843608903	0.0027164570954363587	-0.00038732892122295137	-0.00038732892122295137	0.0027164570954363587	0.008451505843608903	0.015944708139731756	0.02405529186026821	0.03154849415639108	0.03728354290456362	0.04038732892122293
0.033622377669395465	0.03154849415639108	0.02771645709543638	0.022709659391559237	0.017290340608440757	0.012283542904563613	0.008451505843608903	0.006377622330604529	0.006377622330604529	0.008451505843608903	0.012283542904563613	0.017290340608440743	0.022709659391559237	0.027716457095436353	0.03154849415639108	0.033622377669395465
0.024783542904563624	0.024055291860268224	0.022709659391559237	0.020951505843608914	0.019048494156391066	0.017290340608440743	0.015944708139731756	0.015216457095436356	0.015216457095436356	0.015944708139731756	0.017290340608440743	0.019048494156391066	0.020951505843608914	0.022709659391559237	0.024055291860268224	0.024783542904563624
