2-D initial guess optimization result
====================================
name = shifted
NX = 16
NY = 16
OBS_STRIDE = 4
LBFGS_MAX_ITERS = 6
RUN_GN_AFTER_LBFGS = false
GN_AFTER_LBFGS_ITERS = 1
J0 = 0.007214282099338558
J_lbfgs = 0.00046578595466450617
J_final = 0.00046578595466450617
w_RMSE_true = 0.013525259077422028
time_lbfgs = 2187.015640033
time_gn = 0.0
time_total = 2187.015640033
