2-D initial guess optimization result
====================================
name = flat_mid
NX = 16
NY = 16
OBS_STRIDE = 4
LBFGS_MAX_ITERS = 6
RUN_GN_AFTER_LBFGS = false
GN_AFTER_LBFGS_ITERS = 1
J0 = 0.006456880882919234
J_lbfgs = 8.277881941791316e-5
J_final = 8.277881941791316e-5
w_RMSE_true = 0.035380271200273296
time_lbfgs = 1944.818889238
time_gn = 0.0
time_total = 1944.818889238
