2-D initial guess optimization result
====================================
name = flat_high
NX = 16
NY = 16
OBS_STRIDE = 4
LBFGS_MAX_ITERS = 6
RUN_GN_AFTER_LBFGS = false
GN_AFTER_LBFGS_ITERS = 1
J0 = 0.006202782232991774
J_lbfgs = 0.00010066540726316964
J_final = 0.00010066540726316964
w_RMSE_true = 0.022413206664721453
time_lbfgs = 2903.842097421
time_gn = 0.0
time_total = 2903.842097421
